0 0.00078259 13.1538
1 75.5605 45.865
2 53.2767 21.8959
3 4.70446 67.8865
4 67.9296 93.4693
5 38.3502 51.9416
6 83.0965 3.45721
7 5.34616 52.97
8 67.1149 0.769819
9 38.3416 6.68422
10 41.7486 68.6773
11 58.8977 93.0436
12 84.6167 52.6929
13 9.19649 65.3919
14 41.5999 70.1191
15 91.0321 76.2198
16 26.2453 4.74645
17 73.6082 32.8234
18 63.2639 75.641
19 99.1037 36.5339
20 24.7039 98.255
21 72.266 75.3356
22 65.1519 7.26859
23 63.1635 88.4707
24 27.271 43.6411
25 76.6495 47.7732
26 23.7774 27.4907
27 35.9265 16.6507
28 48.6517 89.7656
29 90.9208 6.05643
30 90.4653 50.4523
31 51.6292 31.9033
32 98.6642 49.3977
33 26.6145 9.07329
34 94.7764 7.37491
35 50.0707 38.4142
36 27.7082 91.3817
37 52.9747 46.4446
38 94.098 5.0084
39 76.1514 77.0205
40 82.7817 12.5365
41 1.58677 68.8455
42 86.8247 62.9543
43 73.6225 72.5412
44 99.9458 88.8572
45 23.3195 30.6322
46 35.1015 51.3274
47 59.1114 84.5982
48 41.2081 84.1511
49 26.9317 41.5395
50 53.7304 46.7917
51 28.7212 17.8328
52 15.372 57.1655
53 80.2406 3.30538
54 53.445 49.848
55 95.5361 74.8293
56 55.4584 89.0737
57 62.4849 84.204
58 15.9768 21.2752
59 71.471 13.0427
60 9.09903 27.4588
61 0.29996 41.4293
62 2.68763 70.982
63 93.7897 23.9911
64 18.0896 31.754
65 88.6991 65.2059
66 15.0335 68.1346
67 38.5815 38.7725
68 49.9741 14.7533
69 58.7187 84.5576
70 59.0109 95.5409
71 55.6146 14.8152
72 98.3305 40.8767
73 14.182 56.4899
74 25.2126 48.8515
75 46.4031 96.1095
76 12.6031 19.9757
77 31.925 62.9269
78 12.6712 65.1254
79 62.1634 80.3073
80 24.7842 47.6432
81 38.9314 20.325
82 2.83752 90.1674
83 42.6497 14.2021
84 94.7487 41.0313
85 13.1189 88.5648
86 9.21736 16.2199
87 7.10636 36.5339
88 25.3057 13.5109
89 78.3153 45.5307
90 34.9524 45.23
91 80.8945 93.1674
92 65.1646 21.5248
93 67.9592 90.8922
94 25.0126 86.086
95 47.1262 50.5956
96 60.0394 81.7561
97 75.5844 46.2245
98 95.1367 63.2739
99 43.933 82.4697
